<!DOCTYPE html>
<html lang="en">
<head>
    <meta charset="UTF-8">
    <meta name="viewport" content="width=device-width, initial-scale=1.0">
    <title>404 - Page Not Found</title>
    <style>
        body {
            font-family: 'Arial', sans-serif;
            display: flex;
            align-items: center;
            justify-content: center;
            height: 100vh;
            margin: 0;
            background-color: #f0f0f0;
        }

        .container {
            text-align: center;
        }

        .cry-boy-svg {
            max-width: 100%;
            height: auto;
            margin-bottom: 20px;
        }

        h1 {
            color: #333;
        }

        p {
            color: #555;
        }
    </style>
</head>
<body>
    <div class="container">
<svg xmlns="http://www.w3.org/2000/svg" xmlns:xlink="http://www.w3.org/1999/xlink" xml:space="preserve" width="4.6556in" height="5.08303in" version="1.1" style="shape-rendering:geometricPrecision; text-rendering:geometricPrecision; image-rendering:optimizeQuality; fill-rule:evenodd; clip-rule:evenodd" viewBox="0 0 4656 5083">
 <defs>
  <style type="text/css">
   <![CDATA[
    .fil2 {fill:#0E0E0E}
    .fil13 {fill:#333433}
    .fil10 {fill:#685045}
    .fil8 {fill:#7C5F52}
    .fil9 {fill:#9E8A80}
    .fil12 {fill:#A64518}
    .fil0 {fill:#B2D8F6}
    .fil4 {fill:#BA8C41}
    .fil7 {fill:#CC581B}
    .fil5 {fill:#D17E58}
    .fil1 {fill:#D9D9D8}
    .fil3 {fill:#E5AC3E}
    .fil11 {fill:#E8BB9C}
    .fil6 {fill:white}
   ]]>
  </style>
 </defs>
 <g id="OBJECTS">
  <metadata id="CorelCorpID_0Corel-Layer"/>
  <path class="fil0" d="M671 544c-993,867 -723,2343 -217,3211 1130,1937 3898,546 4186,-1374 62,-416 -58,-920 -348,-1369 -780,-1208 -2671,-1297 -3621,-469z"/>
  <path class="fil1" d="M2270 5083c965,0 1747,-165 1747,-368 0,-248 -3494,-244 -3494,0 0,203 782,368 1747,368z"/>
  <g id="_1974031040064">
   <path class="fil2" d="M3138 2361c4,19 8,38 14,57 12,42 -5,84 -29,119 195,138 266,410 290,639 2,20 -6,38 -22,49 -5,4 -11,6 -17,8 12,113 7,228 -14,337 -11,57 -28,122 -53,183 -2,7 -4,14 -6,21 70,-5 137,-3 198,9 168,31 322,128 372,299 33,115 9,235 -52,336 -76,126 -202,216 -336,273 -20,9 -40,17 -60,25 -30,121 -103,230 -226,274 -73,26 -157,26 -233,16 -63,-8 -125,-23 -185,-42 -103,-32 -204,-75 -298,-128 -13,-7 -26,-15 -39,-23 -56,-10 -112,-23 -168,-40 -12,6 -25,12 -38,18 -138,63 -286,108 -433,146 -26,7 -53,13 -82,19 -5,3 -11,5 -18,5 -3,0 -6,0 -10,0 -136,22 -292,20 -382,-85 -33,-39 -52,-85 -61,-134 -73,-14 -145,-32 -216,-53 -128,-39 -252,-107 -330,-219 -62,-89 -87,-194 -71,-302 29,-192 181,-352 371,-390 42,-8 86,-12 131,-11 -18,-67 -18,-140 0,-207 -14,-91 -18,-185 -15,-276 -2,-1 -4,-2 -6,-3 -15,-11 -24,-28 -23,-46 10,-243 69,-504 242,-672 -31,-40 -60,-91 -46,-143 7,-26 12,-53 19,-79 -48,-50 -83,-112 -91,-182 -3,-33 0,-66 9,-97 20,-65 60,-122 127,-143 -9,-17 -17,-35 -25,-53 -14,-35 -24,-73 -27,-111 -5,-60 2,-133 54,-172 1,-1 2,-1 3,-2 -7,-2 -14,-5 -20,-8 -35,-15 -73,-38 -87,-75 -13,-33 -1,-66 19,-94 33,-46 82,-86 128,-119 50,-35 103,-67 158,-95 13,-7 26,-13 40,-20 -18,-12 -37,-24 -53,-37 -28,-22 -80,-64 -71,-105 3,-12 10,-21 19,-28 14,-10 33,-18 49,-24 25,-10 51,-19 77,-28 68,-22 137,-40 207,-56 60,-14 121,-26 182,-33 43,-5 99,-10 141,-1 4,1 15,3 24,4 -3,-6 -7,-13 -9,-17 -7,-15 -14,-32 -10,-49 5,-25 27,-38 50,-44 37,-10 89,9 122,23 52,22 103,50 151,79 51,30 101,63 150,96 -12,-26 -21,-59 -6,-82 8,-13 21,-20 36,-22 6,-1 12,-1 19,-1 45,5 76,55 95,92 15,29 28,62 39,94 34,-3 70,-3 103,0 41,3 107,12 126,54 6,13 8,26 3,39 -11,29 -47,41 -74,47 -5,1 -9,2 -14,3 20,16 40,32 58,50 72,68 130,151 165,244 39,104 -11,256 -51,354 -12,30 -25,59 -39,88 10,1 21,3 31,6 69,20 110,78 130,143 9,32 13,64 9,97 -8,80 -54,151 -114,204z"/>
   <g>
    <path class="fil2" d="M1113 3956c58,-83 106,-170 144,-264 31,-79 53,-159 71,-242 14,-63 26,-126 39,-189 15,-70 32,-139 53,-207 57,-183 143,-350 248,-510 5,-8 12,-13 22,-14 55,-9 109,-18 164,-26 119,-18 238,-35 358,-50 101,-12 203,-24 305,-30 40,-2 81,-4 122,-3 28,1 61,2 88,10 39,11 67,61 83,95 28,57 49,122 68,183 25,81 46,164 66,247 22,93 43,187 62,281 38,184 71,368 102,553 14,85 28,170 41,255 1,6 0,12 -2,18 -18,42 -87,86 -124,107 -65,36 -137,64 -208,87 -118,38 -242,66 -364,88 -122,22 -248,28 -371,23 -121,-5 -242,-20 -361,-43 -105,-21 -211,-49 -312,-86 -74,-27 -156,-63 -221,-109 -41,-29 -94,-77 -86,-133 2,-14 7,-26 15,-37z"/>
    <path class="fil3" d="M1139 3974c-107,154 701,444 1304,335 604,-109 672,-263 672,-263 0,0 -234,-1541 -399,-1587 -166,-45 -1022,100 -1022,100 -425,651 -213,923 -555,1414z"/>
    <path class="fil4" d="M1517 4238c265,80 622,127 927,72 35,-6 69,-13 100,-20 39,-46 62,-77 62,-77l417 -299 -535 -1079c0,0 199,503 73,648 -127,145 -558,227 -644,231 -86,5 91,-426 86,-875 -313,163 -458,1006 -494,1206 -12,67 -10,129 8,192zm292 -421l0 0c227,-18 501,-77 655,-163 154,-86 150,145 -163,193 -313,48 -539,-2 -492,-29z"/>
    <path class="fil2" d="M3306 3020c57,170 66,366 32,545 -24,127 -84,302 -197,381 -12,8 -25,14 -40,17 -66,12 -128,-45 -167,-89 -56,-63 -105,-141 -147,-215 -45,-79 -86,-161 -125,-244 -18,-38 -35,-77 -51,-116 -5,-12 -2,-25 6,-35l268 -290c7,-8 17,-12 28,-11l366 36c12,1 22,9 26,21z"/>
    <path class="fil5" d="M3276 3031c116,345 18,771 -152,889 -170,118 -482,-635 -482,-635l268 -290 366 36z"/>
    <path class="fil2" d="M1759 2138c68,-319 344,-415 639,-358 111,21 215,72 285,163 26,33 54,83 63,125 0,2 1,3 1,5 2,49 2,98 1,147 -2,105 -10,211 -27,315 -15,91 -38,191 -80,274 -66,131 -186,214 -331,231 -115,14 -238,-14 -334,-80 -34,-23 -64,-50 -90,-82 -67,-82 -96,-185 -111,-289 -10,-66 -14,-133 -16,-200 -3,-82 -2,-164 -1,-246 0,-2 0,-4 1,-6z"/>
    <path class="fil5" d="M1791 2145c-5,435 16,661 204,789 188,129 494,107 618,-140 124,-247 102,-720 102,-720 0,0 -43,-209 -322,-263 -279,-54 -537,32 -601,333z"/>
    <path class="fil2" d="M1220 2943l292 20c8,1 15,4 21,9l291 290c9,9 12,21 8,33 -13,38 -28,77 -43,115 -33,82 -68,164 -108,243 -36,73 -79,150 -130,213 -21,26 -46,52 -73,71 -25,17 -54,29 -85,27 -18,-1 -35,-8 -50,-18 -87,-57 -134,-177 -160,-273 -34,-131 -44,-276 -38,-410 5,-100 18,-201 44,-297 4,-15 18,-25 33,-24z"/>
    <path class="fil5" d="M1218 2975c-93,345 -39,827 140,945 179,118 442,-635 442,-635l-291 -290 -292 -20z"/>
    <path class="fil2" d="M3346 3210c-116,-55 -247,-83 -372,-44 -33,10 -66,25 -95,45 -10,7 -23,16 -31,24 -8,9 -20,12 -32,8 -12,-3 -20,-12 -23,-24l-162 -680c-4,-16 4,-31 19,-37 32,-13 71,-21 104,-26 77,-12 157,-8 232,16 285,90 376,421 405,685 1,12 -4,23 -13,30 -10,7 -22,8 -32,3z"/>
    <path class="fil3" d="M3359 3181c-343,-163 -535,32 -535,32l-162 -680c0,0 602,-240 697,648z"/>
    <path class="fil6" d="M3359 3181c-21,-10 -42,-19 -61,-26 -10,-190 -136,-466 -287,-580 0,0 4,-13 12,-33 148,67 294,238 337,639z"/>
    <path class="fil2" d="M1113 3233c13,-307 105,-648 416,-775 84,-34 176,-49 266,-47 39,1 85,4 123,14 14,3 23,14 25,28l30 322c1,7 -1,12 -4,18l-234 435c-5,9 -12,14 -21,16 -9,2 -18,0 -26,-6 -8,-6 -21,-12 -30,-17 -31,-14 -64,-23 -97,-28 -135,-21 -279,16 -402,70 -10,5 -22,4 -31,-3 -9,-6 -14,-16 -14,-28z"/>
    <path class="fil3" d="M1145 3234c373,-163 562,-22 562,-22l234 -435 -30 -322c0,0 -725,-173 -766,779z"/>
    <path class="fil6" d="M1145 3234c19,-8 37,-16 55,-22 0,-2 0,-3 0,-5 0,-249 131,-539 261,-616 -13,-12 -26,-24 -39,-34 -141,106 -261,306 -277,678z"/>
    <path class="fil2" d="M1818 3780c-8,0 -15,-7 -14,-15 0,-8 7,-15 15,-14 170,4 327,-36 459,-93 174,-75 304,-180 360,-259 5,-7 14,-8 20,-4 7,5 8,14 4,20 -58,82 -193,192 -372,269 -136,58 -297,98 -472,95z"/>
    <path class="fil2" d="M1901 3964c-8,1 -15,-5 -16,-13 -1,-8 5,-15 13,-16 326,-42 658,-25 659,-25 8,0 14,7 14,15 0,8 -7,14 -15,14 -1,0 -331,-17 -654,25z"/>
    <path class="fil2" d="M1137 3180c-5,3 -11,1 -14,-3 -3,-5 -1,-11 3,-14 124,-77 335,-97 335,-97 6,-1 10,4 11,9 1,6 -4,11 -9,11 -1,0 -206,19 -327,94z"/>
    <path class="fil2" d="M3348 3058c5,2 8,8 6,14 -2,5 -8,8 -14,6 -142,-58 -384,-30 -385,-30 -6,1 -11,-4 -12,-9 -1,-6 4,-11 9,-12 1,0 248,-28 395,32z"/>
   </g>
   <g>
    <g>
     <path class="fil2" d="M1289 4509c173,-177 389,-244 630,-190 77,17 153,46 223,83 30,16 62,34 90,54 4,3 6,6 9,9l118 197c8,14 5,32 -8,42 -10,7 -21,14 -31,20 -30,18 -62,34 -93,48 -135,62 -285,107 -429,144 -141,36 -361,72 -470,-55 -35,-41 -53,-92 -59,-145 -8,-63 0,-130 12,-191 1,-6 4,-11 8,-16z"/>
     <path class="fil7" d="M1312 4531c-62,305 68,459 477,354 410,-105 541,-207 541,-207l-118 -197c0,0 -498,-364 -901,50z"/>
     <path class="fil2" d="M1445 4656c0,-9 7,-16 16,-16 9,0 16,7 16,16 2,85 25,147 62,187 41,45 99,65 164,64 9,0 16,7 16,16 0,9 -7,16 -16,16 -74,1 -141,-22 -188,-74 -42,-46 -68,-114 -70,-208z"/>
     <path class="fil2" d="M2034 4311c343,-238 1038,-596 1463,-518 164,30 315,125 364,292 33,112 9,229 -51,328 -75,124 -199,212 -331,269 -315,135 -656,182 -995,128 -103,-16 -205,-42 -303,-77 -39,-14 -79,-30 -116,-49 -13,-7 -21,-19 -23,-34l-27 -299c-1,-16 5,-30 18,-39z"/>
     <path class="fil2" d="M2040 4320c341,-236 1034,-594 1455,-516 160,29 308,121 355,284 32,109 8,223 -50,319 -74,122 -196,209 -326,265 -313,135 -652,181 -989,127 -102,-16 -204,-42 -301,-77 -38,-14 -79,-30 -114,-48 -10,-5 -16,-14 -17,-26l-27 -299c-1,-12 4,-22 14,-29z"/>
     <path class="fil8" d="M2059 4346c367,-254 1037,-584 1430,-511 449,83 475,591 -27,807 -760,326 -1377,3 -1377,3l-27 -299z"/>
     <path class="fil9" d="M2180 4267c379,-237 956,-497 1309,-432 102,19 183,60 240,115 -472,-252 -1301,214 -1447,306 -47,24 -79,23 -102,11z"/>
     <path class="fil10" d="M3788 4025c111,191 13,471 -326,617 -296,127 -571,156 -795,143 -42,-132 19,-271 270,-318 432,6 706,-251 851,-443z"/>
     <path class="fil6" d="M1514 4864c-26,-29 -47,-67 -58,-115 -51,-5 -103,-12 -153,-21 22,126 112,196 286,189 -28,-12 -53,-30 -74,-53z"/>
    </g>
    <g>
     <path class="fil2" d="M2053 4214l422 118c15,4 25,18 23,34l-27 340c-1,17 -16,30 -33,30l-458 -18c-10,0 -18,-5 -24,-13 -6,-8 -8,-17 -6,-27 19,-86 35,-174 48,-261 8,-56 15,-115 15,-171 0,-10 4,-19 13,-26 8,-6 18,-8 28,-5z"/>
     <path class="fil11" d="M2044 4245c0,154 -63,440 -63,440l458 18 27 -340 -422 -118z"/>
     <path class="fil2" d="M2429 4322c53,-33 116,-58 175,-78 75,-25 154,-45 232,-56 131,-19 296,-21 413,49 123,73 172,232 167,368 -5,152 -76,310 -227,365 -122,44 -285,11 -405,-27 -100,-31 -203,-75 -294,-126 -32,-18 -66,-39 -95,-62 -20,-16 -48,-41 -42,-70l61 -341c2,-9 7,-17 15,-22z"/>
     <path class="fil7" d="M2446 4349c154,-95 573,-212 786,-85 213,127 209,580 -54,675 -263,95 -803,-194 -793,-249l61 -341z"/>
     <path class="fil2" d="M2360 4316c1,30 2,60 1,90 -4,116 -35,211 -92,311 -6,11 -17,19 -30,21 -36,7 -73,11 -110,16 -92,11 -185,18 -277,20 -272,8 -554,-17 -815,-97 -126,-38 -248,-105 -325,-215 -61,-87 -85,-189 -69,-294 28,-188 176,-344 363,-381 400,-79 1006,283 1334,494 12,8 19,20 20,34z"/>
     <path class="fil2" d="M2349 4316c1,30 2,60 1,90 -4,114 -35,207 -90,306 -5,9 -12,14 -22,16 -36,7 -73,11 -109,16 -92,11 -184,17 -276,20 -270,8 -552,-17 -811,-97 -123,-38 -244,-103 -319,-211 -59,-84 -83,-184 -67,-286 27,-183 172,-336 354,-372 395,-79 998,282 1326,493 9,6 14,15 15,26z"/>
     <path class="fil8" d="M2317 4318c-377,-242 -937,-561 -1302,-488 -365,73 -530,634 35,807 565,173 1182,60 1182,60 85,-151 91,-257 85,-379z"/>
     <path class="fil9" d="M2317 4318c-377,-242 -937,-561 -1302,-488 -63,13 -120,40 -168,77 130,-44 335,-58 536,-4 247,65 797,404 936,491 0,-24 0,-49 -1,-74z"/>
     <path class="fil10" d="M718 4068c-90,198 -23,459 332,568 565,173 1182,60 1182,60 13,-23 24,-44 33,-65 -156,-12 -361,-37 -610,-87 -487,-97 -857,-264 -937,-476z"/>
     <path class="fil12" d="M2605 4401c44,-9 190,-31 303,-9 197,39 206,328 -35,353 -186,19 -354,-73 -354,-73l86 -272z"/>
     <path class="fil2" d="M3072 4216c-8,-3 -13,-12 -11,-20 3,-8 12,-13 20,-11 109,34 172,144 192,272 10,65 9,135 -3,202 -12,67 -35,131 -69,184 -57,89 -145,146 -261,135 -9,-1 -15,-9 -14,-17 1,-9 9,-15 17,-14 103,10 180,-41 231,-121 32,-49 53,-109 65,-172 12,-63 13,-130 3,-191 -18,-117 -74,-216 -170,-247z"/>
     <path class="fil2" d="M2532 4564c-3,20 41,55 37,77 -14,87 -45,82 -107,111 -40,19 -88,13 -121,-17 -48,-44 -39,-109 -5,-158 15,-22 30,-46 28,-73 -1,-13 -5,-27 -7,-40 -4,-22 -5,-43 -4,-65 1,-28 11,-54 33,-72 33,-28 78,-26 117,-14 48,15 100,57 102,111 0,7 -68,107 -74,140z"/>
     <path class="fil6" d="M2607 4419c-100,-104 -218,-109 -222,-18 -5,91 41,104 -23,195 -63,91 18,159 86,127 68,-32 186,-23 159,-304z"/>
     <path class="fil7" d="M2585 4398c-34,-30 -70,-49 -101,-57 -29,6 -48,27 -49,62 -5,91 41,104 -23,195 -44,62 -19,114 23,130 5,-1 9,-3 14,-5 63,-21 111,-24 146,-81 39,-63 54,-188 -10,-244z"/>
     <path class="fil6" d="M2699 4378c3,-8 12,-13 20,-11 8,3 13,12 11,20 -54,173 -58,324 -58,324 0,9 -8,16 -16,16 -9,0 -16,-8 -16,-17 0,0 5,-156 60,-333z"/>
     <path class="fil6" d="M2803 4391c3,-8 12,-13 20,-11 8,3 13,12 11,20 -54,173 -58,324 -58,324 0,9 -8,16 -17,16 -9,0 -16,-8 -15,-17 0,0 5,-156 60,-333z"/>
     <path class="fil6" d="M2918 4405c3,-8 12,-13 20,-11 8,3 13,12 11,20 -54,173 -58,324 -58,324 0,9 -8,16 -16,16 -9,0 -16,-8 -16,-17 0,0 5,-156 60,-333z"/>
     <path class="fil6" d="M3273 4458c10,65 9,135 -3,202 -3,19 -8,38 -13,56 -4,13 -8,25 -12,37 -12,32 -27,63 -44,91 -33,51 -76,92 -129,115 39,-1 75,-7 107,-19 100,-36 163,-124 190,-227 3,-12 6,-25 8,-37 29,-158 -22,-339 -144,-412 -21,-12 -43,-22 -67,-30 58,52 93,133 107,224z"/>
    </g>
   </g>
   <g>
    <g>
     <g>
      <path class="fil2" d="M2860 2056c30,-41 70,-79 116,-102 40,-20 87,-29 131,-17 61,18 97,70 115,129 9,29 11,59 8,89 -9,81 -59,153 -122,202 -68,54 -155,86 -242,88 -35,1 -69,-8 -91,-37 -40,-52 -14,-139 7,-194 14,-37 31,-74 50,-109 9,-16 18,-33 27,-49 0,-1 1,-1 1,-2z"/>
      <path class="fil11" d="M2883 2072c100,-137 263,-164 313,2 50,166 -132,339 -330,344 -197,5 17,-346 17,-346z"/>
      <path class="fil2" d="M3137 2138c-17,-53 -49,-71 -108,-44 -39,18 -64,51 -84,88 -8,14 -14,22 -12,38 44,-7 85,5 69,64 -5,19 -31,47 -50,43 10,-13 30,-18 35,-47 9,-57 -45,-41 -76,-26 -6,-44 -19,-40 6,-88 80,-152 248,-112 221,-28z"/>
      <path class="fil5" d="M2985 2311c64,0 133,-81 151,-176 -18,-50 -50,-67 -107,-40 -39,18 -64,51 -84,88 -8,14 -14,22 -12,38 44,-7 85,5 69,64 -2,8 -9,19 -17,27z"/>
     </g>
     <path class="fil2" d="M1607 2056c-30,-41 -70,-79 -116,-102 -40,-20 -87,-29 -131,-17 -61,18 -97,70 -115,129 -9,29 -11,59 -8,89 9,81 59,153 122,202 68,54 155,86 242,88 35,1 69,-8 91,-37 40,-52 14,-139 -7,-194 -14,-37 -31,-74 -50,-109 -9,-16 -18,-33 -27,-49 0,-1 -1,-1 -1,-2z"/>
     <path class="fil11" d="M1584 2072c-100,-137 -263,-164 -313,2 -50,166 132,339 330,344 197,5 -17,-346 -17,-346z"/>
     <path class="fil2" d="M1330 2138c18,-53 49,-71 108,-44 39,18 64,51 84,88 8,14 14,22 12,38 -44,-7 -85,5 -69,64 5,19 31,47 50,43 -9,-13 -30,-18 -35,-47 -9,-57 45,-41 77,-26 6,-44 19,-40 -6,-88 -80,-152 -248,-112 -221,-28z"/>
     <path class="fil5" d="M1483 2311c-64,0 -133,-81 -151,-176 18,-50 50,-67 107,-40 39,18 64,51 84,88 8,14 14,22 12,38 -44,-7 -85,5 -69,64 2,8 9,19 17,27z"/>
     <path class="fil2" d="M1521 1603c103,-468 520,-594 949,-514 163,30 317,102 422,234 30,37 55,78 73,122 7,17 15,38 19,56 0,2 1,3 1,5 3,71 3,145 1,216 -3,154 -15,310 -40,462 -22,133 -57,276 -119,396 -83,160 -223,270 -397,315 -195,50 -417,15 -585,-97 -53,-35 -100,-77 -140,-126 -96,-119 -137,-267 -159,-416 -14,-96 -20,-193 -23,-290 -4,-119 -3,-238 -2,-356 0,-2 0,-4 1,-7z"/>
     <path class="fil11" d="M1553 1610c-8,640 24,971 309,1161 285,190 749,158 936,-205 187,-363 155,-1058 155,-1058 0,0 -65,-308 -488,-387 -423,-79 -814,47 -911,490z"/>
     <path class="fil5" d="M1552 1774c0,25 0,49 0,73 149,-153 355,-246 355,-246 0,0 7,104 134,93 127,-11 283,-82 283,-82 0,0 18,48 125,48 107,0 222,-57 240,-54 18,2 236,247 236,215 0,-26 -37,-407 -125,-547 -20,-18 -43,-35 -69,-52 -156,-18 -1103,-47 -1179,553z"/>
     <path class="fil2" d="M2925 2152c-9,-181 -65,-319 -119,-446 -50,-119 -84,-225 -84,-225 0,0 -66,126 -257,134 -191,8 24,-134 24,-134 0,0 -500,220 -505,122 -4,-98 57,-106 57,-106 0,0 -365,102 -414,273 -49,171 -67,366 -67,366 0,0 -224,-179 -240,-382 -16,-203 132,-170 132,-170 0,0 -260,-37 -167,-167 94,-130 354,-244 354,-244 0,0 -199,-110 -138,-155 61,-45 500,-167 639,-138 138,28 -41,-77 65,-106 106,-28 492,256 492,256 0,0 -117,-148 -41,-162 76,-14 133,187 133,187 0,0 197,-21 225,40 29,61 -125,65 -125,65 0,0 185,109 262,316 77,207 -227,677 -227,677z"/>
     <path class="fil13" d="M1630 1010c-28,10 -49,19 -59,26 -56,39 126,136 126,136 0,0 -44,32 -105,65 456,120 957,158 1439,114 -37,-58 -82,-104 -119,-135 -419,48 -904,-20 -1282,-206z"/>
    </g>
    <g>
     <path class="fil5" d="M2084 2254c106,47 202,6 202,16 0,77 -54,118 -121,112 -69,-7 -123,-91 -81,-128z"/>
     <path class="fil2" d="M2517 1910c-42,-7 -84,37 -94,99 -10,61 16,117 58,123 42,7 84,-37 94,-99 10,-61 -16,-117 -58,-123z"/>
     <path class="fil6" d="M2553 1925c-16,-3 -31,8 -33,24 -3,16 8,31 24,33 16,3 31,-8 33,-24 3,-16 -8,-31 -24,-33z"/>
     <path class="fil2" d="M2624 1880c-31,43 -165,25 -180,-32 -32,-118 65,-49 93,-31 50,33 109,32 87,62z"/>
     <path class="fil2" d="M1918 1893c42,-2 79,46 83,108 3,62 -29,114 -71,116 -42,2 -79,-46 -83,-108 -3,-62 29,-114 71,-116z"/>
     <path class="fil6" d="M1960 1912c16,-1 30,11 30,27 1,16 -11,30 -27,30 -16,1 -29,-11 -30,-27 -1,-16 11,-29 27,-30z"/>
     <path class="fil2" d="M1832 1841c26,46 161,42 182,-13 44,-114 -60,-55 -89,-40 -53,28 -112,21 -93,53z"/>
     <path class="fil2" d="M2002 2524c-8,3 -18,-1 -21,-9 -3,-8 1,-18 9,-21 83,-33 164,-42 232,-35 81,8 146,40 177,80 5,7 4,17 -3,22 -7,5 -17,4 -22,-3 -26,-34 -82,-61 -155,-68 -64,-7 -139,2 -217,33z"/>
     <path class="fil2" d="M2091 2293c-6,-6 -6,-16 0,-23 6,-6 16,-6 23,0 14,14 38,21 64,22 32,2 63,-4 79,-14 7,-5 17,-3 22,4 5,7 3,17 -4,22 -21,14 -60,22 -98,19 -33,-2 -65,-12 -85,-32z"/>
     <path class="fil5" d="M2102 2565c106,47 202,6 202,16 0,77 -54,118 -121,112 -69,-7 -122,-91 -81,-128z"/>
     <path class="fil2" d="M1808 2134c-7,5 -16,3 -21,-4 -5,-7 -3,-16 4,-21 17,-11 38,-16 59,-16 25,0 52,6 73,15 23,9 41,21 48,31l0 0 0 0c3,4 5,9 5,14 0,8 -7,15 -15,15 -8,0 -14,-6 -15,-13 -4,-5 -17,-13 -33,-19 -18,-7 -41,-13 -62,-13 -16,0 -31,3 -42,11z"/>
     <path class="fil2" d="M2631 2118c7,5 9,14 4,21 -5,7 -14,9 -21,4 -11,-8 -26,-11 -42,-11 -21,0 -44,5 -62,13 -17,7 -29,14 -33,19 -1,7 -7,13 -15,13 -8,0 -15,-7 -15,-15 0,-5 2,-9 5,-14l0 0 0 0c7,-10 25,-22 48,-31 22,-9 48,-15 73,-15 21,0 42,4 59,16z"/>
    </g>
   </g>
   <g>
    <g>
     <path class="fil2" d="M2801 2814c75,96 150,191 222,289 48,66 95,132 138,201 40,63 78,128 109,196 53,115 47,255 -22,362 -34,52 -79,92 -135,118 -68,32 -145,39 -219,29 -105,-15 -175,-123 -219,-209 -30,-58 -54,-120 -76,-182 -24,-67 -44,-136 -64,-204 -24,-84 -45,-168 -66,-252 -18,-70 -35,-140 -55,-210 -12,-42 -25,-84 -31,-127 -5,-35 -5,-70 9,-103 16,-38 47,-64 81,-86 46,-29 98,-51 147,-72 43,-18 86,-40 128,-62 29,-15 58,-31 86,-46 -17,-13 -29,-32 -37,-52 -11,-30 -13,-65 19,-81l73 -57c1,0 1,-1 2,-1 0,0 1,0 1,-1 62,-29 129,-54 187,-2 22,20 33,48 40,76 7,27 12,54 20,81 14,49 -17,99 -46,136 -35,44 -78,83 -121,120 -32,27 -66,54 -99,80 -25,19 -50,39 -74,59z"/>
     <path class="fil2" d="M2856 2458c-34,19 -68,37 -102,55 -42,22 -85,43 -128,62 -48,21 -101,43 -146,71 -32,20 -62,45 -77,81 -13,31 -13,65 -9,97 6,42 19,85 30,125 20,69 38,140 56,210 21,84 43,168 66,252 19,68 40,137 63,204 22,61 46,122 75,180 42,83 111,190 211,204 136,19 267,-24 344,-142 68,-104 73,-240 21,-351 -31,-67 -69,-132 -108,-195 -43,-68 -90,-135 -138,-201 -74,-101 -151,-199 -229,-297 27,-22 55,-44 82,-66 33,-26 67,-52 99,-79 42,-35 85,-75 119,-118 27,-34 56,-81 44,-126 -7,-27 -12,-54 -20,-81 -7,-26 -17,-53 -37,-71 -54,-49 -118,-23 -176,3 0,0 -1,0 -1,0l-73 58c-27,14 -24,43 -15,68 10,26 26,46 47,57z"/>
     <path class="fil11" d="M2911 2303l-77 66c0,0 -6,67 68,67 74,0 85,-17 85,-17 0,0 -214,128 -349,185 -235,99 -244,128 -183,336 91,309 210,994 445,1027 295,41 430,-236 332,-448 -105,-227 -329,-506 -490,-711 0,0 40,-34 107,-86 111,-86 271,-216 251,-290 -16,-58 -21,-113 -47,-137 -36,-32 -77,-21 -141,9z"/>
     <path class="fil2" d="M2985 2382c6,-6 16,-6 23,0 6,6 6,16 0,23 -65,65 -164,84 -165,84 -9,2 -35,13 -37,4 -2,-9 33,-15 42,-17 0,0 3,-22 24,-29 32,-11 78,-31 112,-65z"/>
     <path class="fil2" d="M2814 2743c7,-5 17,-4 22,3 5,7 4,17 -3,22 -30,23 -61,48 -83,70 -17,16 -28,27 -28,29 0,9 -7,16 -16,16 -9,0 -16,-7 -16,-16 0,-11 15,-30 38,-52 23,-22 55,-48 86,-72z"/>
     <path class="fil5" d="M2977 3859c-98,-91 -188,-241 -261,-396 -31,-66 -59,-134 -83,-199 -39,-104 -68,-201 -85,-273 -4,-17 -8,-33 -11,-48 -3,-13 -6,-24 -8,-36 -3,-15 -6,-30 -9,-43 -2,-12 -4,-22 -5,-33 -14,-100 12,-143 134,-232 -4,2 -7,3 -11,5 -201,85 -237,118 -204,256 2,10 5,20 8,31 4,15 9,31 14,48 2,6 3,12 5,18 3,10 6,21 9,32 76,278 173,768 338,927 9,9 19,17 29,24 20,14 42,23 64,26 76,11 141,0 195,-25 1,-1 2,-1 4,-2 1,0 2,-1 3,-1 -1,0 -2,-1 -3,-1 -10,-4 -21,-8 -31,-13 -21,-10 -41,-24 -61,-40 -10,-8 -19,-16 -29,-25z"/>
     <path class="fil5" d="M2903 2378c-12,-6 -20,-18 -23,-39 0,-3 -1,-5 -1,-8l-45 38c0,0 -3,28 16,48 2,2 4,4 6,5 7,6 17,10 30,12 5,1 10,1 16,1 0,0 0,0 0,0 19,-8 40,-19 59,-34 8,-6 16,-13 23,-20 6,-6 16,-6 23,0 1,1 1,1 2,2 0,1 1,1 1,2 1,-1 2,-2 3,-3 13,-19 10,-30 -29,-15 -35,13 -62,19 -81,10z"/>
    </g>
    <g>
     <path class="fil2" d="M1637 2814c-24,-20 -49,-39 -74,-59 -34,-26 -67,-52 -99,-80 -43,-36 -86,-75 -121,-120 -29,-37 -59,-87 -46,-136 7,-27 12,-54 20,-81 8,-28 18,-56 40,-76 58,-52 125,-27 187,2 0,0 1,0 1,1 23,12 52,47 65,69 26,44 33,92 -8,123 29,16 57,31 86,46 42,22 84,43 128,62 50,21 102,43 147,72 34,22 65,48 81,86 14,33 14,68 9,103 -6,43 -19,85 -31,127 -20,69 -38,140 -55,210 -21,84 -43,168 -66,252 -19,69 -40,137 -64,204 -22,62 -46,123 -76,182 -44,86 -114,195 -219,209 -74,10 -151,3 -219,-29 -56,-26 -102,-67 -135,-118 -69,-107 -75,-247 -22,-362 31,-68 69,-133 109,-196 44,-69 90,-135 138,-201 72,-98 147,-194 222,-289z"/>
     <path class="fil2" d="M1582 2458c34,19 68,37 102,55 42,22 85,43 128,62 48,21 101,43 146,71 32,20 62,45 77,81 13,31 13,65 9,97 -6,42 -19,85 -30,125 -20,69 -38,140 -56,210 -21,84 -43,168 -66,252 -19,68 -40,137 -63,204 -22,61 -46,122 -75,180 -42,83 -111,190 -211,204 -136,19 -267,-24 -344,-142 -68,-104 -73,-240 -21,-351 31,-67 69,-132 108,-195 43,-68 90,-135 138,-201 74,-101 151,-199 229,-297 -27,-22 -55,-44 -82,-66 -33,-26 -67,-52 -99,-79 -42,-35 -85,-75 -119,-118 -27,-34 -56,-81 -44,-126 7,-27 12,-54 20,-81 7,-26 17,-53 37,-71 54,-49 118,-23 176,3 0,0 1,0 1,0 33,17 135,134 41,183z"/>
     <path class="fil11" d="M1527 2303l53 65c0,0 30,68 -44,68 -74,0 -85,-17 -85,-17 0,0 214,128 349,185 235,99 244,128 183,336 -91,309 -210,994 -445,1027 -294,41 -430,-236 -332,-448 105,-227 329,-506 490,-711 0,0 -40,-34 -107,-86 -111,-86 -271,-216 -251,-290 16,-58 21,-113 47,-137 36,-32 77,-21 141,9z"/>
     <path class="fil2" d="M1612 2783c-7,-5 -8,-15 -3,-22 5,-7 15,-8 22,-3 31,23 63,50 86,72 23,22 38,41 38,52 0,9 -7,16 -16,16 -9,0 -16,-7 -16,-16 0,-1 -11,-13 -28,-29 -23,-21 -54,-47 -83,-70z"/>
     <g>
      <path class="fil5" d="M1562 2347c-17,25 -45,43 -81,23 -28,-15 -48,-12 -55,-1 -3,5 -3,12 1,19 1,-2 2,-4 4,-6 3,-3 8,-5 12,-5 4,0 8,2 11,5 0,0 1,1 1,1 25,24 55,41 82,53 0,0 0,0 0,0 23,0 36,-7 43,-16 1,-1 1,-2 2,-3 11,-20 -1,-49 -1,-49l-18 -22c0,0 0,1 -1,1z"/>
     </g>
     <path class="fil2" d="M1431 2405c-6,-6 -6,-16 0,-23 6,-6 16,-6 23,0 58,58 148,75 148,75 9,2 14,10 13,19 -2,9 -10,14 -19,13 0,0 -100,-19 -165,-84z"/>
     <path class="fil5" d="M1649 3649c-28,43 -59,81 -93,112 -38,35 -81,61 -129,74 -13,3 -25,6 -39,8 -15,2 -29,3 -44,3 -33,1 -66,-1 -97,-6 -8,-1 -15,-3 -22,-4 38,60 98,106 176,125 41,10 87,12 138,5 26,-4 50,-15 73,-33 9,-7 18,-15 26,-24 166,-171 263,-681 340,-949 2,-7 4,-14 6,-21 1,-4 2,-8 3,-12 6,-19 10,-37 15,-53 3,-11 5,-22 7,-32 23,-115 -10,-152 -166,-222 53,53 84,117 93,191 1,12 2,24 3,37 0,12 0,24 -1,37 -1,13 -2,27 -4,40 -8,55 -25,114 -51,177 -56,136 -122,375 -233,545z"/>
    </g>
   </g>
  </g>
 </g>
</svg>        <h1>404 - Page Not Found</h1>
        <p>Oops! It seems like the page you are looking for doesn't exist.</p>
        <!-- You can add more content or customize as needed -->
    </div>
</body>
</html>
